##### sweep_v1_Ra20_summary (R=0.1016 H=0.2451, default rho)

  No rotor speed in sweep_v1_Ra20_summary.csv.
  Columns searched: turbine_rpm, turbine_rpm_at_pmax, rotor_rpm, rpm

  A sweep that recorded rotor speed needs NO flag — it is found
  automatically. So this file did not record any, and no flag
  will conjure it. Re-run the sweep with the sensor working.

  Only if you know what you are doing:
    --rpm-column <name>     a differently-named column
    --daq <file> --poles N  recovered from the generator phases
    --assume-lambda X       ⚠ FABRICATES rotor speed from an
                            assumed lambda. The resulting Cp(λ)
                            is circular — it can only return the
                            lambda you fed it. Never a result.

  Rotor speed is the measurement that separates rotor aerodynamics
  from generator matching. Without it this is P_max(v), not Cp(lambda).

exit=1
##### sweep_v1_Ra80_summary (R=0.1016 H=0.2451, default rho)

  No rotor speed in sweep_v1_Ra80_summary.csv.
  Columns searched: turbine_rpm, turbine_rpm_at_pmax, rotor_rpm, rpm

  A sweep that recorded rotor speed needs NO flag — it is found
  automatically. So this file did not record any, and no flag
  will conjure it. Re-run the sweep with the sensor working.

  Only if you know what you are doing:
    --rpm-column <name>     a differently-named column
    --daq <file> --poles N  recovered from the generator phases
    --assume-lambda X       ⚠ FABRICATES rotor speed from an
                            assumed lambda. The resulting Cp(λ)
                            is circular — it can only return the
                            lambda you fed it. Never a result.

  Rotor speed is the measurement that separates rotor aerodynamics
  from generator matching. Without it this is P_max(v), not Cp(lambda).

exit=1
##### sweep_v1_Ra40_summary (R=0.1016 H=0.2451, default rho)

  VAWT  R = 0.1016 m, H = 0.2451 m → A = 0.04980 m²   ρ = 1.2040 kg/m³
  rotor speed: column 'turbine_rpm_at_pmax'

     m/s  rotor rpm   lambda     P (W)  avail (W)   Cp_elec
  ------ ---------- -------- --------- ---------- ---------
    10.2       8275     8.60    0.0293      32.19   0.00091
    12.4       6805     5.85    0.0658      56.75   0.00116
    14.5       7143     5.24    0.1185      91.40   0.00130
    16.6       7329     4.69    0.1851     137.89   0.00134
    18.8       5363     3.04    0.2965     197.95   0.00150
    20.9      13549     6.90    0.4533     273.72   0.00166
    23.0        617     0.28    0.7500     366.22   0.00205
    25.2       7398     3.13    1.0375     477.52   0.00217
    27.3       6992     2.73    1.3820     609.36   0.00227
    29.4       9732     3.52    1.7710     763.47   0.00232
    31.6      11506     3.88    2.1952     942.49   0.00233
    33.7      13111     4.14    2.6427    1148.52   0.00230
    35.8       9220     2.74    3.3248    1380.28   0.00241
    38.0       4194     1.18    4.1018    1638.70   0.00250

  peak Cp_elec = 0.00250 at λ = 1.18, 38.0 m/s
  ── Cp_elec is Cp_aero × η_gen × η_rect. Do NOT compare it to the Betz limit.
exit=0
##### sweep_v1_Ra40_points (R=0.1016 H=0.2451, default rho)
  2 of 352 rows have no rotor speed and are skipped for Cp(lambda).

  VAWT  R = 0.1016 m, H = 0.2451 m → A = 0.04980 m²   ρ = 1.2040 kg/m³
  rotor speed: column 'turbine_rpm'

     m/s  rotor rpm   lambda     P (W)  avail (W)   Cp_elec
  ------ ---------- -------- --------- ---------- ---------
    10.2       9516     9.89    0.0030      32.19   0.00009
    10.2       2041     2.12    0.0063      32.19   0.00020
    10.2      10175    10.57    0.0126      32.19   0.00039
    10.2       2347     2.44    0.0179      32.19   0.00056
    10.2       8275     8.60    0.0219      32.19   0.00068
    10.2        213     0.22    0.0253      32.19   0.00079
    10.2      12102    12.57    0.0275      32.19   0.00085
    10.2       6582     6.84    0.0293      32.19   0.00091
    10.2       8725     9.07    0.0288      32.19   0.00089
    10.2       8702     9.04    0.0298      32.19   0.00093
    10.2       6539     6.79    0.0284      32.19   0.00088
    10.2       7758     8.06    0.0284      32.19   0.00088
    10.2       8757     9.10    0.0285      32.19   0.00089
    10.2       3212     3.34    0.0248      32.19   0.00077
    10.2       7675     7.97    0.0204      32.19   0.00063
    10.2       3043     3.16    0.0163      32.19   0.00051
    12.4       6627     5.70    0.0050      56.75   0.00009
    12.4       5584     4.80    0.0094      56.75   0.00017
    12.4       7654     6.58    0.0181      56.75   0.00032
    12.4       6515     5.60    0.0267      56.75   0.00047
    12.4       8845     7.61    0.0342      56.75   0.00060
    12.4       3494     3.00    0.0405      56.75   0.00071
    12.4      12765    10.98    0.0463      56.75   0.00082
    12.4       7974     6.86    0.0526      56.75   0.00093
    12.4      10356     8.91    0.0567      56.75   0.00100
    12.4       6624     5.70    0.0572      56.75   0.00101
    12.4        438     0.38    0.0590      56.75   0.00104
    12.4       5067     4.36    0.0590      56.75   0.00104
    12.4       1533     1.32    0.0629      56.75   0.00111
    12.4       6828     5.87    0.0645      56.75   0.00114
    12.4       4982     4.29    0.0642      56.75   0.00113
    12.4       6805     5.85    0.0658      56.75   0.00116
    12.4       2719     2.34    0.0592      56.75   0.00104
    12.4       6030     5.19    0.0643      56.75   0.00113
    12.4       7451     6.41    0.0541      56.75   0.00095
    12.4       5762     4.96    0.0558      56.75   0.00098
    12.4       2896     2.49    0.0468      56.75   0.00082
    12.4       4796     4.12    0.0419      56.75   0.00074
    14.5      11710     8.59    0.0087      91.40   0.00010
    14.5      12561     9.22    0.0162      91.40   0.00018
    14.5       8375     6.15    0.0316      91.40   0.00035
    14.5       5097     3.74    0.0460      91.40   0.00050
    14.5       3848     2.82    0.0599      91.40   0.00066
    14.5       4215     3.09    0.0696      91.40   0.00076
    14.5       6370     4.67    0.0798      91.40   0.00087
    14.5       7572     5.56    0.0909      91.40   0.00099
    14.5       6895     5.06    0.0948      91.40   0.00104
    14.5       4580     3.36    0.1011      91.40   0.00111
    14.5       5644     4.14    0.1064      91.40   0.00116
    14.5      12972     9.52    0.1120      91.40   0.00123
    14.5      10762     7.90    0.1134      91.40   0.00124
    14.5       7282     5.34    0.1210      91.40   0.00132
    14.5       6687     4.91    0.1171      91.40   0.00128
    14.5       8872     6.51    0.1138      91.40   0.00125
    14.5       8479     6.22    0.1123      91.40   0.00123
    14.5       3835     2.81    0.1158      91.40   0.00127
    14.5       2573     1.89    0.1062      91.40   0.00116
    14.5      14071    10.32    0.0928      91.40   0.00102
    14.5      10473     7.68    0.0805      91.40   0.00088
    16.6       8548     5.47    0.0132     137.89   0.00010
    16.6       4319     2.76    0.0256     137.89   0.00019
    16.6       7245     4.64    0.0501     137.89   0.00036
    16.6       3679     2.35    0.0700     137.89   0.00051
    16.6       8778     5.62    0.0935     137.89   0.00068
    16.6       6808     4.36    0.1115     137.89   0.00081
    16.6       8847     5.66    0.1269     137.89   0.00092
    16.6       7831     5.01    0.1472     137.89   0.00107
    16.6       6233     3.99    0.1548     137.89   0.00112
    16.6       4053     2.59    0.1675     137.89   0.00121
    16.6       2082     1.33    0.1779     137.89   0.00129
    16.6       4355     2.79    0.1842     137.89   0.00134
    16.6       9936     6.36    0.1880     137.89   0.00136
    16.6       2744     1.76    0.1811     137.89   0.00131
    16.6       4988     3.19    0.1754     137.89   0.00127
    16.6       7539     4.82    0.1920     137.89   0.00139
    16.6       7027     4.50    0.1828     137.89   0.00133
    16.6      11502     7.36    0.1821     137.89   0.00132
    16.6      11999     7.68    0.1696     137.89   0.00123
    16.6       5211     3.33    0.1637     137.89   0.00119
    16.6       7013     4.49    0.1663     137.89   0.00121
    16.6       6633     4.24    0.1568     137.89   0.00114
    16.6       4580     2.93    0.1529     137.89   0.00111
    16.6       5480     3.51    0.1302     137.89   0.00094
    18.8       2983     1.69    0.0195     197.95   0.00010
    18.8      11558     6.55    0.0385     197.95   0.00019
    18.8       7356     4.17    0.0725     197.95   0.00037
    18.8       4634     2.63    0.1076     197.95   0.00054
    18.8       8199     4.65    0.1394     197.95   0.00070
    18.8       7184     4.07    0.1648     197.95   0.00083
    18.8       6424     3.64    0.1865     197.95   0.00094
    18.8       8681     4.92    0.2151     197.95   0.00109
    18.8       6349     3.60    0.2364     197.95   0.00119
    18.8       5911     3.35    0.2560     197.95   0.00129
    18.8       7234     4.10    0.2694     197.95   0.00136
    18.8       4665     2.65    0.2738     197.95   0.00138
    18.8       8414     4.77    0.2866     197.95   0.00145
    18.8       7386     4.19    0.2925     197.95   0.00148
    18.8       2030     1.15    0.2974     197.95   0.00150
    18.8       6978     3.96    0.2805     197.95   0.00142
    18.8      11883     6.74    0.2569     197.95   0.00130
    18.8       6282     3.56    0.2641     197.95   0.00133
    18.8       4880     2.77    0.2551     197.95   0.00129
    18.8       5956     3.38    0.2398     197.95   0.00121
    18.8       7238     4.11    0.2412     197.95   0.00122
    18.8       8734     4.95    0.2218     197.95   0.00112
    18.8      11900     6.75    0.1877     197.95   0.00095
    20.9       9802     4.99    0.0298     273.72   0.00011
    20.9       9807     4.99    0.0570     273.72   0.00021
    20.9       8322     4.24    0.1078     273.72   0.00039
    20.9       1658     0.84    0.1599     273.72   0.00058
    20.9      12934     6.58    0.2004     273.72   0.00073
    20.9      11586     5.90    0.2456     273.72   0.00090
    20.9       9904     5.04    0.2817     273.72   0.00103
    20.9       5806     2.96    0.3155     273.72   0.00115
    20.9       9317     4.74    0.3465     273.72   0.00127
    20.9       9219     4.69    0.3797     273.72   0.00139
    20.9       7084     3.61    0.4037     273.72   0.00147
    20.9      10781     5.49    0.4156     273.72   0.00152
    20.9       8012     4.08    0.4239     273.72   0.00155
    20.9      10220     5.20    0.4412     273.72   0.00161
    20.9       6865     3.49    0.4335     273.72   0.00158
    20.9      13631     6.94    0.4642     273.72   0.00170
    20.9       6126     3.12    0.4494     273.72   0.00164
    20.9       7845     3.99    0.4325     273.72   0.00158
    20.9       6768     3.45    0.4280     273.72   0.00156
    20.9       6343     3.23    0.3797     273.72   0.00139
    20.9       5816     2.96    0.3773     273.72   0.00138
    20.9       9802     4.99    0.3669     273.72   0.00134
    20.9       5944     3.03    0.3357     273.72   0.00123
    23.0      10807     4.99    0.0434     366.22   0.00012
    23.0      10138     4.68    0.0842     366.22   0.00023
    23.0       7594     3.51    0.1637     366.22   0.00045
    23.0      10041     4.64    0.2302     366.22   0.00063
    23.0       8401     3.88    0.2959     366.22   0.00081
    23.0       6479     2.99    0.3536     366.22   0.00097
    23.0       7458     3.45    0.4119     366.22   0.00112
    23.0       6560     3.03    0.4702     366.22   0.00128
    23.0       9649     4.46    0.5244     366.22   0.00143
    23.0       6528     3.02    0.5502     366.22   0.00150
    23.0       9149     4.23    0.5850     366.22   0.00160
    23.0      12058     5.57    0.6293     366.22   0.00172
    23.0       9716     4.49    0.6482     366.22   0.00177
    23.0       3833     1.77    0.6670     366.22   0.00182
    23.0      11514     5.32    0.7079     366.22   0.00193
    23.0       5535     2.56    0.7405     366.22   0.00202
    23.0        356     0.16    0.7409     366.22   0.00202
    23.0        863     0.40    0.7510     366.22   0.00205
    23.0      11197     5.17    0.7423     366.22   0.00203
    23.0       2307     1.07    0.7129     366.22   0.00195
    23.0       8635     3.99    0.7102     366.22   0.00194
    23.0      10105     4.67    0.7098     366.22   0.00194
    23.0      10098     4.67    0.6038     366.22   0.00165
    23.0      10144     4.69    0.5557     366.22   0.00152
    23.0       6424     2.97    0.5194     366.22   0.00142
    25.2       8342     3.53    0.0593     477.52   0.00012
    25.2       5842     2.47    0.1157     477.52   0.00024
    25.2       7790     3.29    0.2240     477.52   0.00047
    25.2      10386     4.39    0.3209     477.52   0.00067
    25.2      10555     4.46    0.4186     477.52   0.00088
    25.2       9861     4.17    0.4986     477.52   0.00104
    25.2      11119     4.70    0.5801     477.52   0.00121
    25.2      10166     4.30    0.6463     477.52   0.00135
    25.2       9006     3.81    0.7213     477.52   0.00151
    25.2       7911     3.35    0.7869     477.52   0.00165
    25.2       5836     2.47    0.8272     477.52   0.00173
    25.2       6983     2.95    0.8572     477.52   0.00180
    25.2       8392     3.55    0.9283     477.52   0.00194
    25.2       9386     3.97    0.9547     477.52   0.00200
    25.2      10516     4.45    0.9496     477.52   0.00199
    25.2       7082     2.99    0.9855     477.52   0.00206
    25.2       9087     3.84    1.0192     477.52   0.00213
    25.2       6301     2.66    1.0407     477.52   0.00218
    25.2       9072     3.84    1.0288     477.52   0.00215
    25.2       8924     3.77    1.0163     477.52   0.00213
    25.2       8160     3.45    1.0373     477.52   0.00217
    25.2       4845     2.05    1.0149     477.52   0.00213
    25.2      12420     5.25    0.9983     477.52   0.00209
    25.2      12799     5.41    0.8749     477.52   0.00183
    25.2       6891     2.91    0.8353     477.52   0.00175
    25.2       7101     3.00    0.8112     477.52   0.00170
    25.2       7010     2.96    0.6973     477.52   0.00146
    27.3      10053     3.92    0.0791     609.36   0.00013
    27.3      10179     3.97    0.1558     609.36   0.00026
    27.3       9721     3.79    0.2953     609.36   0.00048
    27.3      11769     4.59    0.4299     609.36   0.00071
    27.3       8081     3.15    0.5446     609.36   0.00089
    27.3       5148     2.01    0.6586     609.36   0.00108
    27.3      11150     4.35    0.7589     609.36   0.00125
    27.3       6735     2.63    0.8603     609.36   0.00141
    27.3      10816     4.22    0.9649     609.36   0.00158
    27.3      13658     5.32    1.0462     609.36   0.00172
    27.3       9175     3.58    1.0983     609.36   0.00180
    27.3      10400     4.05    1.1501     609.36   0.00189
    27.3      11593     4.52    1.2399     609.36   0.00203
    27.3       7883     3.07    1.2746     609.36   0.00209
    27.3      10715     4.18    1.2815     609.36   0.00210
    27.3      11179     4.36    1.2953     609.36   0.00213
    27.3       8556     3.34    1.3177     609.36   0.00216
    27.3       9307     3.63    1.3478     609.36   0.00221
    27.3      11832     4.61    1.3757     609.36   0.00226
    27.3       9904     3.86    1.3367     609.36   0.00219
    27.3       9066     3.53    1.3120     609.36   0.00215
    27.3       6434     2.51    1.4007     609.36   0.00230
    27.3       8424     3.28    1.3806     609.36   0.00227
    27.3       7028     2.74    1.2564     609.36   0.00206
    27.3       7830     3.05    1.2028     609.36   0.00197
    27.3       8508     3.32    1.1885     609.36   0.00195
    27.3        443     0.17    1.0592     609.36   0.00174
    27.3       7574     2.95    0.9770     609.36   0.00160
    29.4      13110     4.74    0.1006     763.47   0.00013
    29.4      13882     5.02    0.1954     763.47   0.00026
    29.4       6243     2.26    0.3711     763.47   0.00049
    29.4       9952     3.60    0.5480     763.47   0.00072
    29.4       9524     3.44    0.6974     763.47   0.00091
    29.4      11156     4.03    0.8667     763.47   0.00114
    29.4       5862     2.12    0.9759     763.47   0.00128
    29.4       8226     2.98    1.1015     763.47   0.00144
    29.4       9866     3.57    1.2329     763.47   0.00161
    29.4       9998     3.62    1.3225     763.47   0.00173
    29.4       8762     3.17    1.4001     763.47   0.00183
    29.4      10247     3.71    1.4982     763.47   0.00196
    29.4       9681     3.50    1.5472     763.47   0.00203
    29.4       9156     3.31    1.5898     763.47   0.00208
    29.4       7767     2.81    1.6431     763.47   0.00215
    29.4       9696     3.51    1.6873     763.47   0.00221
    29.4       8931     3.23    1.7401     763.47   0.00228
    29.4      10193     3.69    1.7191     763.47   0.00225
    29.4      11632     4.21    1.7640     763.47   0.00231
    29.4       9442     3.41    1.7740     763.47   0.00232
    29.4      10789     3.90    1.7448     763.47   0.00229
    29.4       4813     1.74    1.7095     763.47   0.00224
    29.4       6798     2.46    1.6864     763.47   0.00221
    29.4       8207     2.97    1.6500     763.47   0.00216
    29.4       8964     3.24    1.5526     763.47   0.00203
    29.4       9605     3.47    1.5154     763.47   0.00198
    29.4       8836     3.20    1.4677     763.47   0.00192
    29.4       6546     2.37    1.3397     763.47   0.00175
    29.4       7949     2.87    1.1980     763.47   0.00157
    31.6       7258     2.45    0.1281     942.49   0.00014
    31.6       6164     2.08    0.2533     942.49   0.00027
    31.6      14670     4.95    0.4812     942.49   0.00051
    31.6      15844     5.34    0.7166     942.49   0.00076
    31.6      10219     3.44    0.9112     942.49   0.00097
    31.6      15608     5.26    1.1111     942.49   0.00118
    31.6       2513     0.85    1.2582     942.49   0.00133
    31.6      10750     3.62    1.3902     942.49   0.00148
    31.6       9352     3.15    1.5306     942.49   0.00162
    31.6      10023     3.38    1.6275     942.49   0.00173
    31.6       6723     2.27    1.7639     942.49   0.00187
    31.6      10063     3.39    1.8464     942.49   0.00196
    31.6      11257     3.79    1.9269     942.49   0.00204
    31.6       8758     2.95    1.9890     942.49   0.00211
    31.6      11646     3.93    2.0476     942.49   0.00217
    31.6       7504     2.53    2.1443     942.49   0.00228
    31.6      11224     3.78    2.1143     942.49   0.00224
    31.6      11128     3.75    2.1518     942.49   0.00228
    31.6      10993     3.71    2.1940     942.49   0.00233
    31.6      11827     3.99    2.1873     942.49   0.00232
    31.6       9879     3.33    2.1918     942.49   0.00233
    31.6       9909     3.34    2.1275     942.49   0.00226
    31.6       8018     2.70    2.0794     942.49   0.00221
    31.6      10423     3.51    2.0454     942.49   0.00217
    31.6       7640     2.58    1.9857     942.49   0.00211
    31.6       9000     3.03    1.9355     942.49   0.00205
    31.6       9692     3.27    1.8704     942.49   0.00198
    31.6      13650     4.60    1.6077     942.49   0.00171
    31.6       7277     2.45    1.6059     942.49   0.00170
    33.7       9257     2.92    0.1651    1146.48   0.00014
    33.7      10694     3.38    0.3194    1146.48   0.00028
    33.7       9844     3.11    0.6084    1146.48   0.00053
    33.7      11126     3.51    0.8736    1146.48   0.00076
    33.7       7859     2.48    1.1196    1146.48   0.00098
    33.7      11220     3.54    1.3481    1146.48   0.00118
    33.7       7892     2.49    1.5610    1146.48   0.00136
    33.7      12014     3.79    1.7671    1146.48   0.00154
    33.7      14407     4.55    1.9489    1146.48   0.00170
    33.7       5026     1.59    2.1162    1146.48   0.00185
    33.7      12945     4.09    2.2497    1146.48   0.00196
    33.7      16543     5.22    2.3630    1146.48   0.00206
    33.7      12965     4.09    2.4525    1146.48   0.00214
    33.7       4962     1.57    2.4747    1146.48   0.00216
    33.7      11179     3.53    2.5850    1146.48   0.00225
    33.7      10888     3.44    2.6422    1146.48   0.00230
    33.7       9998     3.16    2.5941    1146.48   0.00226
    33.7      11709     3.70    2.6463    1146.48   0.00231
    33.7      13184     4.16    2.6256    1146.48   0.00229
    33.7      11336     3.58    2.6547    1146.48   0.00232
    33.7       9680     3.06    2.6287    1146.48   0.00229
    33.7       7121     2.25    2.6168    1146.48   0.00228
    33.7       8147     2.57    2.5804    1146.48   0.00225
    33.7       7486     2.36    2.4872    1146.48   0.00217
    33.7      10249     3.24    2.4735    1146.48   0.00216
    33.7      12294     3.88    2.2219    1146.48   0.00194
    33.7       8062     2.55    2.1404    1146.48   0.00187
    33.7       8710     2.75    2.0863    1146.48   0.00182
    33.7      10436     3.30    1.8855    1146.48   0.00164
    35.8      10680     3.17    0.1988    1377.97   0.00014
    35.8       9936     2.95    0.3876    1377.97   0.00028
    35.8      10362     3.08    0.7420    1377.97   0.00054
    35.8       9327     2.77    1.0888    1377.97   0.00079
    35.8      12318     3.66    1.3952    1377.97   0.00101
    35.8      11356     3.37    1.6915    1377.97   0.00123
    35.8      13690     4.07    1.9204    1377.97   0.00139
    35.8       9783     2.91    2.1886    1377.97   0.00159
    35.8      10622     3.16    2.4053    1377.97   0.00175
    35.8      10190     3.03    2.5840    1377.97   0.00188
    35.8      10360     3.08    2.6986    1377.97   0.00196
    35.8      11660     3.46    2.8946    1377.97   0.00210
    35.8       9904     2.94    3.0683    1377.97   0.00223
    35.8      12047     3.58    3.1494    1377.97   0.00229
    35.8       7046     2.09    3.2481    1377.97   0.00236
    35.8       5044     1.50    3.1925    1377.97   0.00232
    35.8      12100     3.59    3.3518    1377.97   0.00243
    35.8        909     0.27    3.3565    1377.97   0.00244
    35.8      11126     3.30    3.2887    1377.97   0.00239
    35.8       9220     2.74    3.3280    1377.97   0.00242
    35.8       9236     2.74    3.3576    1377.97   0.00244
    35.8      12055     3.58    3.1467    1377.97   0.00228
    35.8      10684     3.17    3.1321    1377.97   0.00227
    35.8       9848     2.93    2.9908    1377.97   0.00217
    35.8      10326     3.07    2.8285    1377.97   0.00205
    35.8      10913     3.24    2.6172    1377.97   0.00190
    35.8       8730     2.59    2.4783    1377.97   0.00180
    38.0       7639     2.14    0.2435    1638.70   0.00015
    38.0       8402     2.36    0.4811    1638.70   0.00029
    38.0       7665     2.15    0.9237    1638.70   0.00056
    38.0       9353     2.62    1.3083    1638.70   0.00080
    38.0       8199     2.30    1.7075    1638.70   0.00104
    38.0       8407     2.36    2.0819    1638.70   0.00127
    38.0       9818     2.75    2.3654    1638.70   0.00144
    38.0       6411     1.80    2.6539    1638.70   0.00162
    38.0      10721     3.01    2.8736    1638.70   0.00175
    38.0       9704     2.72    3.1673    1638.70   0.00193
    38.0       8804     2.47    3.3858    1638.70   0.00207
    38.0      10372     2.91    3.5352    1638.70   0.00216
    38.0      11097     3.11    3.7066    1638.70   0.00226
    38.0      10119     2.84    3.8095    1638.70   0.00232
    38.0      11474     3.22    3.9604    1638.70   0.00242
    38.0       8665     2.43    3.9466    1638.70   0.00241
    38.0       9043     2.54    4.0903    1638.70   0.00250
    38.0       4801     1.35    4.0961    1638.70   0.00250
    38.0       2378     0.67    4.0598    1638.70   0.00248
    38.0         42     0.01    3.9361    1638.70   0.00240
    38.0        127     0.04    3.9348    1638.70   0.00240
    38.0        583     0.16    3.7974    1638.70   0.00232
    38.0        177     0.05    3.5000    1638.70   0.00214
    38.0         78     0.02    3.5986    1638.70   0.00220
    38.0       1579     0.44    3.3220    1638.70   0.00203
    38.0       5260     1.47    3.2578    1638.70   0.00199
    38.0       3071     0.86    3.0624    1638.70   0.00187

  peak Cp_elec = 0.00250 at λ = 1.35, 38.0 m/s
  ── Cp_elec is Cp_aero × η_gen × η_rect. Do NOT compare it to the Betz limit.
exit=0
