 run  fan_rpm_cmd  wind_mps_cmd  i_light_a  v_light_v  i_2nd_a  v_2nd_v  n_all  voc_all_v  r_all_ohm  r2_all  n_prepeak  voc_prepeak_v  r_prepeak_ohm  r2_prepeak  p_thev_all_w  p_raw_w  p_fit_w  i_fit_a  v_at_praw_v  thev_over_fit_pct
Ra20          500         10.24     0.0010     2.8477   0.0020   2.9700     15     3.1813     88.373 0.98568         10         3.1136         78.908     0.96877       0.02863   0.0297  0.02964  0.01726       1.6473              -3.41
Ra20          600         12.37     0.0011     4.4662   0.0021   4.3171     20     4.5169     87.103 0.99340         13         4.5671         91.867     0.98815       0.05856   0.0604  0.05906  0.02550       2.3687              -0.85
Ra20          700         14.50     0.0015     5.6228   0.0029   5.5783     22     5.6234     73.621 0.99461         14         5.6864         77.177     0.99257       0.10738   0.1047  0.10470  0.03800       2.7547               2.56
Ra20          800         16.63     0.0019     6.7441   0.0038   6.5777     21     6.8571     67.499 0.99468         15         6.8792         68.616     0.99115       0.17415   0.1769  0.17615  0.05763       3.2885              -1.13
Ra20          900         18.76     0.0024     7.8629   0.0049   7.5674     23     7.9422     58.348 0.99724         15         7.9174         57.092     0.99529       0.27027   0.2732  0.27432  0.06237       3.9942              -1.48
Ra20         1000         20.90     0.0030     9.1942   0.0061   8.8149     22     9.3322     54.881 0.99233         14         9.1281         48.114     0.99351       0.39673   0.4227  0.40880  0.07338       5.3637              -2.95
Ra20         1100         23.03     0.0037    10.9772   0.0074  10.7232     22    10.9686     49.317 0.99501         16        10.8615         46.902     0.99192       0.60988   0.6433  0.63201  0.11207       5.8270              -3.50
Ra20         1200         25.16     0.0044    12.8511   0.0088  12.3515     25    12.7531     44.408 0.99401         19        12.6755         43.310     0.99376       0.91561   0.9592  0.95416  0.15191       6.0633              -4.04
Ra20         1300         27.29     0.0052    14.5655   0.0103  14.1146     27    14.5360     41.429 0.99742         19        14.5093         41.248     0.99637       1.27507   1.3286  1.32085  0.18271       7.1353              -3.47
Ra20         1400         29.42     0.0060    16.4061   0.0120  16.0128     27    16.0816     39.575 0.99706         21        16.1315         40.180     0.99489       1.63370   1.6653  1.62254  0.22774       6.9273               0.69
Ra20         1500         31.56     0.0069    18.1140   0.0138  17.5088     28    17.4973     36.772 0.99454         20        17.7152         38.926     0.99180       2.08146   2.0806  2.04540  0.27142       7.9199               1.76
Ra20         1600         33.69     0.0079    20.0943   0.0158  19.2273     29    19.4159     36.644 0.99432         20        19.7764         39.645     0.99523       2.57187   2.5188  2.47952  0.28987       8.4128               3.72
Ra20         1700         35.82     0.0089    21.7075   0.0178  20.9907     28    21.2552     36.239 0.99469         15        21.6754         39.455     0.99385       3.11667   3.0329  2.99656  0.28187      12.1609               4.01
Ra20         1800         37.95     0.0100    23.9166   0.0200  23.2606     27    23.5021     36.460 0.99635         17        23.8536         38.979     0.99521       3.78736   3.7935  3.72171  0.32831      11.8546               1.76
Ra40          500         10.24     0.0010     2.9881   0.0020   3.1553     16     3.3891     94.246 0.98484         10         3.3713         91.511     0.94012       0.03047   0.0298  0.02926  0.01580       1.6558               4.13
Ra40          600         12.37     0.0011     4.5851   0.0021   4.4645     22     4.6768     84.031 0.99532         16         4.6998         85.906     0.99214       0.06507   0.0658  0.06580  0.03190       2.0635              -1.11
Ra40          700         14.50     0.0015     5.7875   0.0029   5.5698     21     5.8825     74.609 0.99662         14         5.8691         73.973     0.99352       0.11595   0.1210  0.11856  0.03867       3.1829              -2.20
Ra40          800         16.63     0.0019     6.9617   0.0038   6.7376     24     6.9914     63.663 0.99522         16         7.0449         65.656     0.99050       0.19195   0.1920  0.18510  0.05921       3.3340               3.70
Ra40          900         18.76     0.0024     8.1385   0.0049   7.8537     23     8.2473     59.723 0.99520         15         8.1300         55.106     0.99424       0.28472   0.2974  0.29647  0.06542       4.3482              -3.96
Ra40         1000         20.90     0.0030     9.9428   0.0061   9.3384     23     9.7792     54.153 0.99603         16         9.7204         52.550     0.99092       0.44150   0.4642  0.45325  0.09084       5.1072              -2.59
Ra40         1100         23.03     0.0037    11.7345   0.0074  11.3795     25    11.6198     47.273 0.99283         18        11.5477         46.025     0.98841       0.71405   0.7510  0.75000  0.12160       5.9986              -4.79
Ra40         1200         25.16     0.0044    13.4869   0.0088  13.1495     27    13.4156     44.250 0.99720         18        13.4509         45.056     0.99574       1.01683   1.0407  1.03748  0.15289       6.9656              -1.99
Ra40         1300         27.29     0.0052    15.2117   0.0103  15.1304     28    15.0431     41.277 0.99611         22        15.1192         42.281     0.99440       1.37057   1.4007  1.38205  0.21502       6.4488              -0.83
Ra40         1400         29.42     0.0060    16.7657   0.0120  16.2855     29    16.4699     38.431 0.99784         20        16.5992         39.885     0.99608       1.76457   1.7740  1.77098  0.22682       7.7670              -0.36
Ra40         1500         31.56     0.0069    18.5654   0.0138  18.3571     29    18.2984     37.716 0.99404         19        18.6637         41.342     0.99389       2.21939   2.1940  2.19526  0.26496       8.8147               1.10
Ra40         1600         33.69     0.0079    20.8996   0.0158  20.2155     29    20.2157     37.201 0.99517         20        20.5682         40.154     0.99617       2.74642   2.6547  2.64270  0.28293       8.8668               3.92
Ra40         1700         35.82     0.0089    22.3369   0.0178  21.7727     27    22.1616     36.605 0.99830         21        22.2334         37.148     0.99699       3.35427   3.3576  3.32476  0.33856       9.4234               0.89
Ra40         1800         37.95     0.0100    24.3451   0.0200  24.0536     29    23.9730     34.410 0.99564         18        24.3874         37.156     0.99608       4.17541   4.0961  4.10179  0.34501      12.0475               1.79
Ra80          500         10.24     0.0010     2.9376   0.0020   3.0844     15     3.3256     88.770 0.97539         10         3.2443         77.952     0.93737       0.03115   0.0330  0.03158  0.01847       1.8325              -1.37
Ra80          600         12.37     0.0011     4.6291   0.0021   4.5961     21     4.7157     85.190 0.99533         16         4.7303         86.560     0.99301       0.06526   0.0660  0.06572  0.03175       2.0687              -0.70
Ra80          700         14.50     0.0015     5.6677   0.0029   5.5946     23     5.7900     72.819 0.99566         15         5.8307         74.888     0.99431       0.11510   0.1180  0.11575  0.04107       2.8847              -0.57
Ra80          800         16.63     0.0019     6.9228   0.0038   6.7013     22     7.0058     64.706 0.99456         17         7.0033         64.660     0.99123       0.18963   0.1925  0.18774  0.06149       3.1303               1.01
Ra80          900         18.76     0.0024     8.4607   0.0049   8.1800     22     8.4536     60.271 0.99524         15         8.3842         57.700     0.98961       0.29642   0.3079  0.30233  0.06560       4.5017              -1.95
Ra80         1000         20.90     0.0030    10.3393   0.0061   9.9100     24    10.3145     52.235 0.99381         16        10.1823         48.853     0.99109       0.50919   0.5265  0.52481  0.09551       5.7919              -2.98
Ra80         1100         23.03     0.0037    12.0674   0.0074  11.8309     27    12.0627     46.778 0.99632         18        12.0615         46.866     0.99212       0.77766   0.8044  0.79899  0.12467       6.4252              -2.67
Ra80         1200         25.16     0.0044    13.7574   0.0088  13.4257     27    13.8039     44.341 0.99852         21        13.7711         43.874     0.99737       1.07432   1.1009  1.09170  0.16795       6.2623              -1.59
Ra80         1300         27.29     0.0052    15.4133   0.0103  15.1826     27    15.3105     41.646 0.99831         18        15.3739         42.586     0.99587       1.40718   1.4455  1.43947  0.18185       8.2223              -2.24
Ra80         1400         29.42     0.0060    17.3805   0.0120  16.9048     30    16.7936     38.529 0.99463         19        17.1134         42.144     0.99337       1.82995   1.8391  1.81704  0.22314       8.4985               0.71
Ra80         1500         31.56     0.0069    19.2016   0.0138  18.8486     29    18.7845     38.440 0.99444         19        19.1675         42.183     0.99575       2.29486   2.2569  2.24463  0.25774       9.0675               2.24
Ra80         1600         33.69     0.0079    21.2490   0.0158  20.6846     28    20.7604     37.922 0.99474         19        21.1058         40.881     0.99505       2.84128   2.8299  2.78456  0.27922       9.9750               2.04
Ra80         1700         35.82     0.0089    23.3268   0.0178  22.6151     29    22.8527     37.053 0.99603         16        23.1819         39.479     0.99302       3.52359   3.5290  3.51810  0.27267      13.2074               0.16
Ra80         1800         37.95     0.0100    26.4197   0.0200  25.5271     28    25.6809     36.947 0.99332         21        26.0413         39.328     0.99253       4.46252   4.4981  4.43174  0.39102      11.2453               0.69

worst r2 (all-points fit): {'Ra20': 0.98568, 'Ra40': 0.98484, 'Ra80': 0.97539}
Thevenin P = Voc^2/4R over p_fit, by run:  {'Ra20': 'mean -0.45% range -4.04..+4.01', 'Ra40': 'mean -0.16% range -4.79..+4.13', 'Ra80': 'mean -0.52% range -2.98..+2.24'}

Ra40/Ra20: mean over 14 set points (log-%): dlnP_fit +8.38  = 2dlnVoc +8.00 + (-dlnR) +0.66  [sum +8.67; residual -0.29]  share from Voc 92%
   raw basis dlnP +8.08; pre-peak fit: 2dlnVoc +8.32, -dlnR -0.36
   light-load V: mean dlnV +3.84 (x2 = +7.69); set points with higher V_light: 14/14
   across set points: corr(dlnP, 2dlnVoc) = +0.01, corr(dlnP, -dlnR) = +0.51, corr(2dlnVoc,-dlnR) = -0.64
   500-1100: 2dlnVoc +8.70, -dlnR +0.70; 1200-1800: 2dlnVoc +7.30, -dlnR +0.63

Ra80/Ra20: mean over 14 set points (log-%): dlnP_fit +12.81  = 2dlnVoc +12.42 + (-dlnR) +0.36  [sum +12.77; residual +0.04]  share from Voc 97%
   raw basis dlnP +12.87; pre-peak fit: 2dlnVoc +12.70, -dlnR -0.55
   light-load V: mean dlnV +6.10 (x2 = +12.21); set points with higher V_light: 14/14
   across set points: corr(dlnP, 2dlnVoc) = +0.84, corr(dlnP, -dlnR) = +0.42, corr(2dlnVoc,-dlnR) = -0.04
   500-1100: 2dlnVoc +11.30, -dlnR +2.01; 1200-1800: 2dlnVoc +13.53, -dlnR -1.30

Ra80/Ra40: mean over 14 set points (log-%): dlnP_fit +4.43  = 2dlnVoc +4.41 + (-dlnR) -0.31  [sum +4.10; residual +0.33]  share from Voc 108%
   raw basis dlnP +4.79; pre-peak fit: 2dlnVoc +4.38, -dlnR -0.19
   light-load V: mean dlnV +2.26 (x2 = +4.52); set points with higher V_light: 11/14
   across set points: corr(dlnP, 2dlnVoc) = +0.60, corr(dlnP, -dlnR) = +0.20, corr(2dlnVoc,-dlnR) = -0.55
   500-1100: 2dlnVoc +2.60, -dlnR +1.31; 1200-1800: 2dlnVoc +6.23, -dlnR -1.93

     pair      quantity  gm_pct  ci_lo  ci_hi  n_higher
Ra40/Ra20     v_light_v    3.92   2.88   4.96        14
Ra40/Ra20       v_2nd_v    4.28   3.09   5.50        13
Ra40/Ra20     voc_all_v    4.08   3.30   4.87        14
Ra40/Ra20     r_all_ohm   -0.66  -2.66   1.38         6
Ra40/Ra20 voc_prepeak_v    4.25   3.15   5.35        14
Ra40/Ra20 r_prepeak_ohm    0.36  -3.22   4.07         6
Ra40/Ra20       p_fit_w    8.74   6.11  11.44        13
Ra40/Ra20       p_raw_w    8.41   6.05  10.82        14
Ra40/Ra20       i_fit_a    6.43   0.62  12.58        10
Ra40/Ra20   v_at_praw_v    1.17  -5.31   8.09        10
Ra80/Ra20     v_light_v    6.29   4.46   8.15        14
Ra80/Ra20       v_2nd_v    6.95   5.07   8.85        14
Ra80/Ra20     voc_all_v    6.40   4.93   7.90        14
Ra80/Ra20     r_all_ohm   -0.35  -2.16   1.49         7
Ra80/Ra20 voc_prepeak_v    6.56   4.87   8.28        14
Ra80/Ra20 r_prepeak_ohm    0.55  -1.64   2.80         9
Ra80/Ra20       p_fit_w   13.67   9.95  17.52        14
Ra80/Ra20       p_raw_w   13.73  10.67  16.88        14
Ra80/Ra20       i_fit_a    7.23   1.35  13.46         9
Ra80/Ra20   v_at_praw_v    7.22   1.53  13.23        11
Ra80/Ra40     v_light_v    2.29   0.71   3.88        11
Ra80/Ra40       v_2nd_v    2.55   1.16   3.96        12
Ra80/Ra40     voc_all_v    2.23   0.84   3.64        12
Ra80/Ra40     r_all_ohm    0.31  -1.44   2.09        10
Ra80/Ra40 voc_prepeak_v    2.22   0.67   3.79        11
Ra80/Ra40 r_prepeak_ohm    0.19  -3.17   3.67        10
Ra80/Ra40       p_fit_w    4.53   2.06   7.06        12
Ra80/Ra40       p_raw_w    4.91   2.44   7.45        13
Ra80/Ra40       i_fit_a    0.75  -4.95   6.80         8
Ra80/Ra40   v_at_praw_v    5.98  -1.53  14.05        10

 fan_rpm_cmd  Ra40/Ra20 v_light_v %  Ra40/Ra20 voc_all_v %  Ra40/Ra20 r_all_ohm %  Ra40/Ra20 p_fit_w %  Ra40/Ra20 dlnP_fit  Ra40/Ra20 2dlnVoc  Ra40/Ra20 -dlnR  Ra80/Ra20 v_light_v %  Ra80/Ra20 voc_all_v %  Ra80/Ra20 r_all_ohm %  Ra80/Ra20 p_fit_w %  Ra80/Ra20 dlnP_fit  Ra80/Ra20 2dlnVoc  Ra80/Ra20 -dlnR  Ra80/Ra40 v_light_v %  Ra80/Ra40 voc_all_v %  Ra80/Ra40 r_all_ohm %  Ra80/Ra40 p_fit_w %  Ra80/Ra40 dlnP_fit  Ra80/Ra40 2dlnVoc  Ra80/Ra40 -dlnR
         500                   4.93                   6.53                   6.65                -1.28               -1.29              12.65            -6.43                   3.16                   4.54                   0.45                 6.55                6.34               8.87            -0.45                  -1.69                  -1.87                  -5.81                 7.93                7.63              -3.78             5.99
         600                   2.66                   3.54                  -3.53                11.41               10.81               6.96             3.59                   3.65                   4.40                  -2.20                11.28               10.68               8.61             2.22                   0.96                   0.83                   1.38                -0.12               -0.12               1.66            -1.37
         700                   2.93                   4.61                   1.34                13.24               12.43               9.01            -1.33                   0.80                   2.96                  -1.09                10.55               10.03               5.84             1.10                  -2.07                  -1.57                  -2.40                -2.37               -2.40              -3.17             2.43
         800                   3.23                   1.96                  -5.68                 5.08                4.96               3.88             5.85                   2.65                   2.17                  -4.14                 6.58                6.37               4.29             4.23                  -0.56                   0.21                   1.64                 1.43                1.42               0.41            -1.63
         900                   3.51                   3.84                   2.36                 8.07                7.77               7.54            -2.33                   7.60                   6.44                   3.30                10.21                9.72              12.48            -3.24                   3.96                   2.50                   0.92                 1.98                1.96               4.94            -0.91
        1000                   8.14                   4.79                  -1.33                10.87               10.32               9.36             1.34                  12.45                  10.53                  -4.82                28.38               24.98              20.02             4.94                   3.99                   5.47                  -3.54                15.79               14.66              10.66             3.61
        1100                   6.90                   5.94                  -4.14                18.67               17.12              11.53             4.23                   9.93                   9.97                  -5.15                26.42               23.44              19.02             5.29                   2.84                   3.81                  -1.05                 6.53                6.33               7.48             1.05
        1200                   4.95                   5.19                  -0.36                 8.73                8.37              10.13             0.36                   7.05                   8.24                  -0.15                14.41               13.47              15.84             0.15                   2.01                   2.89                   0.21                 5.23                5.09               5.71            -0.21
        1300                   4.44                   3.49                  -0.37                 4.63                4.53               6.86             0.37                   5.82                   5.33                   0.52                 8.98                8.60              10.38            -0.52                   1.33                   1.78                   0.89                 4.15                4.07               3.52            -0.89
        1400                   2.19                   2.41                  -2.89                 9.15                8.75               4.77             2.93                   5.94                   4.43                  -2.64                11.99               11.32               8.66             2.68                   3.67                   1.97                   0.26                 2.60                2.57               3.89            -0.25
        1500                   2.49                   4.58                   2.57                 7.33                7.07               8.95            -2.53                   6.00                   7.36                   4.54                 9.74                9.29              14.20            -4.44                   3.43                   2.66                   1.92                 2.25                2.22               5.24            -1.90
        1600                   4.01                   4.12                   1.52                 6.58                6.37               8.07            -1.51                   5.75                   6.92                   3.49                12.30               11.60              13.39            -3.43                   1.67                   2.69                   1.94                 5.37                5.23               5.32            -1.92
        1700                   2.90                   4.26                   1.01                10.95               10.39               8.35            -1.00                   7.46                   7.52                   2.25                17.40               16.05              14.49            -2.22                   4.43                   3.12                   1.22                 5.82                5.65               6.14            -1.22
        1800                   1.79                   2.00                  -5.62                10.21                9.72               3.97             5.79                  10.47                   9.27                   1.34                19.08               17.46              17.73            -1.33                   8.52                   7.12                   7.37                 8.04                7.74              13.76            -7.11
