  sp  n  n_blank  median    min     max  max_over_min  cv_pct  iqr_over_median_pct  spearman_rpm_vs_I     p  spearman_rpm_vs_V  lambda_median  lambda_min  lambda_max  v_light  reed_rpm_light  mV_per_reed_rpm_light  summary_rpm_at_pmax  summary_tsr_at_pmax
 500 16        0  7716.6  213.3 12102.0          56.7    51.6                 72.1              -0.12 0.649               0.06           8.02        0.22       12.58   2.9881          9516.5                  0.314               8275.2               8.6015
 600 22        0  6272.4  437.7 12764.7          29.2    46.8                 39.1              -0.37 0.087               0.38           5.40        0.38       10.98   4.5851          6627.0                  0.692               6804.7               5.8538
 700 21        0  7282.0 2573.0 14070.8           5.5    42.8                 73.8               0.03 0.889              -0.03           5.34        1.89       10.32   5.7875         11710.2                  0.494               7142.7               5.2410
 800 24        0  6720.5 2082.4 11998.8           5.8    39.1                 51.9               0.00 1.000               0.01           4.30        1.33        7.68   6.9617          8548.2                  0.814               7329.4               4.6886
 900 23        0  7183.5 2030.4 11900.3           5.9    35.4                 33.0               0.16 0.457              -0.16           4.07        1.15        6.75   8.1385          2983.4                  2.728               5362.6               3.0407
1000 23        0  8322.5 1658.3 13631.1           8.2    31.9                 39.6              -0.34 0.107               0.36           4.24        0.84        6.94   9.9428          9802.4                  1.014              13548.9               6.8986
1100 25        0  8635.3  356.5 12057.6          33.8    41.3                 42.0              -0.10 0.619               0.10           3.99        0.16        5.57  11.7345         10806.9                  1.086                616.6               0.2849
1200 27        0  8391.8 4845.3 12799.3           2.6    23.2                 35.4              -0.14 0.477               0.14           3.55        2.05        5.41  13.4869          8341.7                  1.617               7397.9               3.1284
1300 28        0  9241.0  443.4 13657.8          30.8    28.2                 31.1              -0.41 0.030               0.40           3.60        0.17        5.32  15.2117         10053.3                  1.513               6991.9               2.7257
1400 29        0  9442.3 4813.0 13881.7           2.9    21.8                 19.0              -0.36 0.053               0.36           3.41        1.74        5.02  16.7657         13109.7                  1.279               9731.7               3.5189
1500 29        0 10022.9 2512.9 15844.2           6.3    28.6                 32.0              -0.05 0.815               0.05           3.38        0.85        5.34  18.5654          7258.4                  2.558              11506.1               3.8794
1600 29        0 10436.3 4962.4 16543.1           3.3    25.5                 34.1              -0.11 0.571               0.11           3.30        1.57        5.22  20.8996          9256.7                  2.258              13111.3               4.1382
1700 27        0 10359.7  909.0 13690.3          15.1    24.8                 16.3              -0.20 0.320               0.20           3.08        0.27        4.07  22.3369         10680.5                  2.091               9220.5               2.7371
1800 29        2  8198.9   42.3 11474.1         271.3    61.3                 83.0              -0.54 0.003               0.54           2.30        0.01        3.22  24.3451          7639.2                  3.187               4194.0               1.1757

median CV across set points 33.6% (range 21.8..61.3); set points with significant negative Spearman(rpm, I) at p<0.05: 2/14; positive: 0/14
light-load V / reed rpm (mV/rpm) across set points: min 0.314 max 3.187 ratio 10.1x (a generator constant should be flat)
adjacent-dwell |dln rpm|: median 26%, 90th pct 104%

Pulse counter over each set point's ramp (trace, ~18.7 Hz ticks):
  sp  ramp_s  pulses  pulses_per_s  implied_rpm_1ppr  frac_ticks_no_new_pulse  max_pulses_per_tick
 500    16.8    1922         114.2            6852.0                     0.90                  145
 600    23.1    2195          95.0            5700.0                     0.88                  128
 700    22.1    2749         124.4            7467.0                     0.86                  129
 800    25.5    2780         109.2            6551.0                     0.83                  103
 900    24.2    2946         121.8            7306.0                     0.80                   93
1000    24.2    3316         137.0            8222.0                     0.77                   79
1100    26.3    3381         128.5            7712.0                     0.75                   83
1200    28.5    4009         140.7            8442.0                     0.73                   82
1300    29.4    4427         150.4            9025.0                     0.72                   71
1400    30.5    4653         152.4            9144.0                     0.71                   73
1500    30.7    5028         163.6            9819.0                     0.71                   87
1600    30.7    5263         171.5           10290.0                     0.71                   91
1700    28.4    4719         166.2            9972.0                     0.70                   85
1800    30.5    3005          98.4            5904.0                     0.76                   61
